type: COLOSSEUM_ARENA
time: 0
border:
  enabled: false
  size: 500
  warning-distance: 100000000

locations:
  king:
    x: 8.574518792980488
    y: 10.5
    z: 41.93660153325716
    pitch: 6.728375
    yaw: -180.37415
  powerup:
    x: 8.4551483700261
    y: 5.5
    z: 8.522993742351828
    pitch: 86.59607
    yaw: 181.73213
  minions:
    gate1:
      x: 8.538859337073339
      y: 5
      z: 37.325580890865155
      pitch: 0.9304752
      yaw: -179.77246
    gate2:
      x: -20.370532266775484
      y: 5
      z: 8.533264889852719
      pitch: 0.6468218
      yaw: -89.85193
    gate3:
      x: 37.57164505447856
      y: 5
      z: 8.502478792202451
      pitch: -0.20416181
      yaw: -270.54395